Testing Single Read
2.32084
2.87921
2.54402
2.67116
2.59658
2.67288
2.65956
2.64295
2.39087
2.59342
2.29135
2.53508
2.36135
2.47615
2.2794
2.75838
2.37398
2.48825
2.28261
2.69505
2.37878
2.73738
2.38183
2.5002
2.3217
2.47043
2.25952
2.67083
2.38221
2.47991
2.29754
2.593
2.28819
2.46803
2.30342
2.49394
2.26748
2.58167
2.17521
2.45511
2.33645
2.27577
2.35239
2.07772
2.56541
2.44835
2.63828
2.50867
2.3456
2.70449
2.37464
2.48234
2.28093
2.53171
2.28945
2.56116
2.2655
2.66275
2.38256
2.498
2.22962
2.35489
2.27229
2.49675
2.32651
2.42478
2.25067
2.46614
2.27587
2.57984
2.2595
2.56468
2.29928
2.49499
2.3018
2.46598
2.26636
2.48648
2.28916
2.5151
2.17415
2.59505
2.30723
2.48704
2.26981
2.56668
2.49914
2.7386
2.66885
2.6731
2.71709
2.65302
2.69288
2.70744
2.72915
2.67374
2.65859
2.6706
2.66602
2.4692
