Testing Single Write
2013.05
2006.8
2006.45
2006.34
2006.06
2006.16
2006.6
2006.65
2006.12
2006.46
2006.12
2006.46
2006.15
2006.26
2006.2
2006.5
2006.52
2006.49
2006.35
2005.97
2006.56
2006.34
2006.08
2005.88
2006.43
2006.18
2005.68
2006.43
2006.44
2006.3
2006.06
2006.27
2006.38
2006.04
2006.73
2006.39
2006.51
2006.43
2005.85
2006.38
2006.19
2006.43
2006.49
2006.36
2006.31
2006.01
2006.01
2006.12
2005.68
2006.23
2006.15
2005.91
2005.94
2006.18
2006.03
2006.03
2006.19
2006.06
2005.55
2005.89
2005.73
2006.16
2006.23
2005.88
2005.83
2005.96
2005.86
2005.46
2005.63
2005.99
2006.56
2006.21
2006.13
2006
2006.21
2005.98
2006.28
2006.02
2006.31
2006.54
2006.16
2006.29
2006.34
2006.26
2005.93
2006.1
2006.15
2006.3
2006.31
2006.28
2006.04
2006.06
2006.21
2006.68
2006.12
2006.05
2006.04
2005.93
2006.19
2006.53
