Testing Single Write
2009.77
2006.44
2006.14
2006.41
2006.55
2006.92
2006.12
2006.54
2006.06
2006.22
2006.57
2006.16
2006.39
2006.29
2006.22
2006.17
2006.03
2006.35
2006
2006.29
2006.1
2006.46
2006.71
2006.06
2006.06
2006.35
2005.78
2006.14
2005.93
2006.28
2006.32
2006.54
2006.46
2006.05
2006.44
2006.55
2006.18
2006.41
2006.33
2006.85
2006.62
2006.42
2006.23
2006.5
2006.39
2006.09
2006.32
2006.04
2006.47
2006.29
2005.73
2005.96
2005.54
2006.12
2005.89
2006.14
2006.53
2005.99
2006.44
2006.42
2006.05
2006.26
2006.42
2006.33
2006.44
2006.66
2006.23
2006.25
2006.18
2006.62
2006.06
2006.19
2006.19
2006.3
2006.78
2006.36
2006.67
2006.72
2006.26
2006.18
2005.94
2006.09
2006.31
2006.09
2006.41
2006.23
2006.54
2006.37
2006.46
2006.35
2006.04
2006.19
2006.24
2006.26
2006.19
2006.58
2006.61
2006.45
2006.61
2006.26
