Testing Single Write
3007.76
3004.7
3004.11
3004.08
3004.26
3004.13
3004.06
3004.16
3004.16
3004.15
3004.14
3004.07
3003.98
3004.53
3004.14
3004.14
3004.1
3003.81
3004.17
3004.23
3004.26
3004.24
3004.26
3004.12
3004.29
3004.09
3004.19
3004.03
3004.37
3004.29
3004.18
3004.21
3004.42
3004.28
3004.1
3004.4
3004.26
3004.14
3004.76
3004.33
3003.91
3003.85
3003.69
3003.66
3003.42
3003.69
3003.91
3004.4
3003.76
3004.15
3004.24
3004.15
3004.18
3003.87
3004.03
3004
3003.9
3004.08
3004.25
3004.26
3004.04
3004.08
3004.06
3004.28
3004.12
3004.28
3004.3
3004.11
3004.14
3004.22
3004.2
3003.93
3004.19
3004.12
3004.06
3003.99
3004.08
3004.17
3004.1
3004.14
3003.86
3004.15
3004.12
3004.14
3004.41
3003.95
3004.15
3003.71
3004.28
3004.21
3004.21
3004.3
3004.44
3004.52
3004.79
3004.39
3004.07
3004.09
3003.89
3004.88
