Testing Single Write
3007.87
3004.56
3004.32
3004.63
3004.54
3004.67
3004.49
3004.22
3004.37
3004.61
3004.41
3004.42
3004.47
3004.48
3004.4
3004.36
3004.39
3004.29
3004.33
3004.45
3004.57
3004.51
3004.46
3004.45
3004.37
3003.99
3003.46
3003.77
3003.62
3003.76
3003.66
3003.54
3003.38
3003.35
3003.17
3003.6
3003.54
3003.35
3003.82
3004.45
3004.37
3004.25
3004.52
3004.39
3004.57
3004.63
3004.66
3004.52
3004.35
3004.6
3004.91
3004.63
3004.48
3004.49
3004.24
3004.4
3004.22
3004.65
3004.48
3004.24
3004.36
3004.59
3004.56
3004.03
3003.99
3003.35
3004.63
3004.31
3003.97
3003.76
3004.17
3004.48
3004.3
3005.22
3004.91
3004.26
3004.61
3004.23
3004.22
3004.3
3004.3
3004.25
3004.56
3004.65
3004.6
3004.01
3004.24
3004.43
3004.01
3003.97
3003.37
3004.58
3004.01
3004.06
3003.78
3004.3
3004.32
3004.78
3004.42
3004.41
