Testing Single Write
3008.49
3005.53
3005.09
3005.22
3004.71
3005.14
3005.1
3004.15
3004.24
3004.08
3004.05
3003.9
3003.84
3004.57
3005.06
3005.11
3004.31
3004.18
3004.75
3004.33
3004.41
3004.28
3004.28
3004.82
3004.7
3004.62
3004.46
3004.71
3004.47
3004.8
3005.16
3004.58
3004.15
3004.63
3004.74
3004.79
3004.76
3004.86
3004.97
3005
3004.59
3005.09
3004.67
3005.3
3004.88
3005.42
3005.65
3005.1
3005.14
3005.08
3005.09
3004.71
3004.95
3004.71
3004.78
3005.17
3004.95
3005.05
3005.18
3005.21
3004.97
3005.44
3005.32
3005.14
3005.09
3005.31
3005.23
3005.55
3005.14
3005.99
3004.67
3004.73
3004.79
3005.03
3004.45
3004.23
3003.58
3004.28
3004.22
3004.66
3004.8
3004.44
3004.34
3003.51
3003.98
3003.65
3004.5
3003.94
3004.56
3005.11
3004.6
3004.62
3004.46
3004.91
3004.57
3004.75
3004.71
3004.45
3004.6
3004.5
